10,10,[[1,1],[2,1,1,2],[7],[1,3],[6],[7],[8],[8],[8],[4]],[[1],[2],[8],[3,6],[8],[10],[7],[2,5],[1,4],[3]]
10,13,[[1,1],[3,1],[2,2,1,1],[5,1],[10],[8],[8],[1,1,1,1],[1,1,1,1],[2,2,2,1]],[[1],[2],[2,2,1],[9],[7],[4,1],[6],[3],[3,1],[6],[1,3],[1,1,3],[2]]
15,15,[[4],[6],[3,3],[7],[7],[1,3],[3],[3,5],[4,7],[13],[13],[13],[13],[13],[11]],[[4],[4],[5,6],[2,2,9],[15],[15],[5,6],[7],[8],[8],[8],[8],[8],[7],[5]]

15,12,[[1,1],[1,1],[1],[1,1],[1,1],[1,1],[10],[12],[2,1,1],[2,1,1],[2,2,1],[2,3],[2,2],[7],[5]],[[4],[6],[2,4],[1,1,2,3],[1,1,4,2],[1,1,2,2],[1,4,2],[2,3],[2,4],[6],[1,1],[4]]
15,15,[[7],[9],[2,4,2],[2,2],[2,1,1,2],[3,2],[2,2],[3,3,1],[9,1],[9,1],[11,2],[15],[14],[2,3,2],[1,1,1,1,1,1,1]],[[4],[6,4],[12,1],[2,1,6],[2,5,1],[3,1,6],[3,7],[3,6],[3,1,5,1],[2,6],[12,1],[6,4],[4],[3],[5]]

15,10,[[3],[2,1],[2],[2,2],[2,1,1],[1,1,1],[6,1],[4,3],[4,3],[6],[1],[1],[1],[1],[2]],[[1,5],[2,2,4],[1,2,4],[3,4,1],[2,6],[1,1,1],[1,2],[1,2],[5],[1]]
20,20,[[3,3],[5,5],[7,5],[4,4],[3,1,1,3],[7,7],[6,1,1,6],[4,4,4],[2,8,2],[16],[14],[18],[2,12,2],[1,12,1,1],[1,1,3,3,1,1],[2,1,2,2,1,2],[1,1,2,2,1,1],[1,2,2,1],[1,1,1,1],[1,1]],[[2,3],[5,2,4],[8,1,2],[11,1],[4,3,9],[3,2,6,3],[3,2,8],[2,6,2],[1,8,1],[7],[7],[1,8,1],[2,6,2],[3,2,8],[3,2,6,3],[3,3,4,4],[10,1],[8,1,2],[5,2,4],[2,3]]
24,25,[[7],[9],[11],[3,8],[2,8],[3,8],[4,9],[15],[15],[14],[14],[15],[11,2],[11,2],[10,2],[5,2],[3,2],[5,2],[2,3,2],[5,2],[2,3,1],[5,1],[2,4],[4],[3]],[[5],[9],[11],[3,8],[3,7],[3,8],[4,9],[15],[15],[15],[15],[15],[14],[9,3,2],[5,2,5],[2,3,2],[2,5],[2,3,2],[2,5],[2,3],[2,4],[2,4],[2,3],[6]]
30,25,[[11,10],[11,9],[11,8],[3,7],[3,6],[3,5],[2,4],[1,1,3],[2,8,2],[3,8,1],[3,8],[3,3],[2],[1,5],[2,4],[3,3],[3],[3],[8,3],[8,3],[1,8,5],[2,5],[3,1,1,3],[4,2,2],[5,3,3],[6,2,2],[7,7,1],[8,9,1],[9,3,2],[10,3,3]],[[3,10],[3,9],[3,8],[3,7],[6,5,6],[7,4,5],[8,3,4],[3,3],[3,4,8,2],[3,5,7,1],[3,6,6],[3,2,3],[3,3,3],[3,3,3],[3,3,3,3],[1,3,3,6],[2,8],[3,2,2,2],[4,5,2],[5,4,2],[6,5,2],[7,5,2],[8,4,3],[9,3,2],[10,1,1]]
